105
174
135
179
196
124
129
188
117
172
148
127
102
196
106
145
191
191
146
129
199
107
127
183
145
166
158
168
167
139
105
119
103
181
140
160
179
139
106
140
190
103
151
152
130
133
143
122
154
167
120
178
127
136
142
116
112
143
195
177
108
192
161
141
172
131
104
156
144
193
117
150
115
162
163
146
160
153
172
119
196
163
165
108
146
105
182
115
138
178
180
123
168
166
114
136
151
105
176
152
115
114
159
143
105
145
121
104
181
160
159
118
136
174
182
194
166
171
117
150
106
106
170
163
168
163
111
199
145
145
104
123
134
132
163
135
185
185
197
151
172
152
138
193
158
133
122
116
125
122
142
141
171
114
177
109
128
122
153
151
172
170
171
150
194
160
192
157
132
122
145
179
198
107
161
151
182
124
164
111
115
105
185
100
171
125
108
113
156
159
156
130
165
155
194
169
195
153
198
152
170
165
